$selection
AIC(n)  HQ(n)  SC(n) FPE(n) 
     2      2      2      2 

$criteria
                   1             2             3             4             5             6             7             8
AIC(n) -2.944125e+01 -3.002194e+01 -2.988998e+01 -2.980167e+01 -2.964087e+01 -2.959287e+01 -2.948059e+01 -2.954926e+01
HQ(n)  -2.918388e+01 -2.955009e+01 -2.920365e+01 -2.890087e+01 -2.852559e+01 -2.826312e+01 -2.793635e+01 -2.779055e+01
SC(n)  -2.880791e+01 -2.886082e+01 -2.820107e+01 -2.758498e+01 -2.689639e+01 -2.632062e+01 -2.568055e+01 -2.522144e+01
FPE(n)  1.636603e-13  9.169706e-14  1.049961e-13  1.154409e-13  1.370294e-13  1.460608e-13  1.670926e-13  1.607455e-13

