$selection
AIC(n)  HQ(n)  SC(n) FPE(n) 
     8      1      1      4 

$criteria
                   1             2             3             4             5             6             7             8
AIC(n) -6.934608e+01 -7.004286e+01 -6.997632e+01 -7.033137e+01 -7.002778e+01 -6.993199e+01 -7.056733e+01 -7.142639e+01
HQ(n)  -6.821364e+01 -6.787235e+01 -6.676774e+01 -6.608473e+01 -6.474307e+01 -6.360921e+01 -6.320648e+01 -6.302747e+01
SC(n)  -6.655939e+01 -6.470169e+01 -6.208068e+01 -5.988126e+01 -5.702321e+01 -5.437295e+01 -5.245382e+01 -5.075840e+01
FPE(n)  7.681350e-31  3.939529e-31  4.550184e-31  3.722951e-31  6.584989e-31  1.110217e-30  1.132192e-30  1.290953e-30

