$selection
AIC(n)  HQ(n)  SC(n) FPE(n) 
     2      2      2      2 

$criteria
                   1             2             3             4             5             6             7             8
AIC(n) -1.102057e+01 -1.160126e+01 -1.146930e+01 -1.138099e+01 -1.122018e+01 -1.117219e+01 -1.105990e+01 -1.112858e+01
HQ(n)  -1.076320e+01 -1.112941e+01 -1.078297e+01 -1.048019e+01 -1.010490e+01 -9.842435e+00 -9.515670e+00 -9.369869e+00
SC(n)  -1.038723e+01 -1.044014e+01 -9.780392e+00 -9.164302e+00 -8.475713e+00 -7.899938e+00 -7.259866e+00 -6.800759e+00
FPE(n)  1.636603e-05  9.169706e-06  1.049961e-05  1.154409e-05  1.370294e-05  1.460608e-05  1.670926e-05  1.607455e-05

